%YAML:1.0
---
K: !!opencv-matrix
   rows: 3
   cols: 3
   dt: d
   data: [ 4.3177015239979903e+02, 0., 3.2441019025761312e+02, 0.,
       4.3163102536204764e+02, 2.4821464672330126e+02, 0., 0., 1. ]
D: !!opencv-matrix
   rows: 1
   cols: 5
   dt: d
   data: [ -4.2560399687238581e-01, 2.4647195028781346e-01,
       -6.3640891943993725e-04, 1.1419909232533955e-03,
       -8.8589374100932844e-02 ]
